simulations/fitting/inputs/agg_inputs/vector_abundance_layer.asc
NCOLS 131 
NROWS 137 
XLLCORNER 29.541666667 
YLLCORNER -1.483333333 
CELLSIZE 0.0416666666641221 
NODATA_value -3.4e+38 
[rows 0 to 19 of 137, columns 0 to 43 of 131]
0.462428063154221 0.461631894111633 0.460813999176025 0.459973871707916 0.459110975265503 0.458224833011627 0.457315027713776 0.456381142139435 0.455422908067703 0.454440087080002 0.453432530164719 0.452400326728821 0.451343595981598 0.450262755155563 0.449158400297165 0.448031395673752 0.446883022785187 0.445714831352234 0.444528877735138 0.443327724933624 0.442114442586899 0.440892845392227 0.439667344093323 0.438443094491959 0.437226057052612 0.436022907495499 0.434840947389603 0.433688163757324 0.432572931051254 0.431503891944885 0.430489629507065 0.429538458585739 0.428658097982407 0.427855342626572 0.427135795354843 0.426503509283066 0.425960958003998 0.42550864815712 0.425145268440247 0.424867779016495 0.424671500921249 0.424550712108612 0.424499094486237 0.424510389566422
0.462227523326874 0.461411833763123 0.460572928190231 0.459710121154785 0.458822786808014 0.457910269498825 0.456972002983093 0.456007421016693 0.455016076564789 0.453997522592545 0.452951461076736 0.451877683401108 0.450776189565659 0.449647098779678 0.448490828275681 0.447308033704758 0.446099698543549 0.44486728310585 0.443612635135651 0.442338228225708 0.441047161817551 0.439743250608444 0.438431113958359 0.437116324901581 0.435805320739746 0.434505522251129 0.433225214481354 0.431973576545715 0.430760324001312 0.429595679044724 0.428489863872528 0.427452862262726 0.426494002342224 0.425621569156647 0.42484238743782 0.424161523580551 0.423581898212433 0.423104107379913 0.42272624373436 0.422444105148315 0.422251373529434 0.422140151262283 0.422101765871048 0.422127425670624
0.462041616439819 0.461206674575806 0.460346907377243 0.459461539983749 0.458549797534943 0.457610905170441 0.456644088029861 0.455648601055145 0.4546237885952 0.453568994998932 0.452483683824539 0.451367437839508 0.450219959020615 0.449041128158569 0.447831004858017 0.446590036153793 0.445318907499313 0.44401878118515 0.442691326141357 0.441338747739792 0.439964056015015 0.438571065664291 0.437164515256882 0.435750246047974 0.434335261583328 0.432927757501602 0.431537091732025 0.430173814296722 0.428849309682846 0.427575618028641 0.426365047693253 0.425229668617249 0.424180835485458 0.423228681087494 0.422381788492203 0.421646475791931 0.421026468276978 0.420522511005402 0.420132130384445 0.419849663972855 0.419666558504105 0.419572025537491 0.419554084539413 0.419600486755371
0.461871564388275 0.4610176384449 0.460137277841568 0.459229618310928 0.45829364657402 0.457328468561172 0.456333130598068 0.455306649208069 0.454248160123825 0.453156799077988 0.45203173160553 0.450872242450714 0.449677735567093 0.44844776391983 0.447182089090347 0.445880740880966 0.444544047117233 0.443172812461853 0.441768318414688 0.440332531929016 0.438868165016174 0.437378853559494 0.435869425535202 0.434345871210098 0.432815670967102 0.431287825107574 0.429772883653641 0.428282976150513 0.426831424236298 0.425432622432709 0.42410135269165 0.42285230755806 0.421699374914169 0.420655190944672 0.419730454683304 0.418933272361755 0.418268710374832 0.417737931013107 0.417337894439697 0.417061179876328 0.416896373033524 0.416828811168671 0.416841775178909 0.416918247938156
0.461718499660492 0.460845977067947 0.459945440292358 0.459015816450119 0.458055943250656 0.457064747810364 0.456041038036346 0.454983681440353 0.453891485929489 0.452763378620148 0.451598197221756 0.45039489865303 0.449152559041977 0.447870343923569 0.446547567844391 0.445183843374252 0.443779021501541 0.442333400249481 0.440847784280777 0.43932369351387 0.43776336312294 0.436170190572739 0.434548765420914 0.43290513753891 0.431247144937515 0.429584562778473 0.427929192781448 0.426294922828674 0.424697548151016 0.423154205083847 0.421682864427567 0.420301467180252 0.419027090072632 0.417875379323959 0.416859835386276 0.415991187095642 0.415276497602463 0.414717942476273 0.414312154054642 0.414049655199051 0.413915306329727 0.413889229297638 0.4139484167099 0.414068758487701
0.461583584547043 0.460693031549454 0.459772795438766 0.458821684122086 0.457838356494904 0.456821531057358 0.455769836902618 0.454681843519211 0.453556150197983 0.45239132642746 0.451185941696167 0.44993856549263 0.448647856712341 0.447312533855438 0.445931404829025 0.444503575563431 0.443028301000595 0.441505283117294 0.439934641122818 0.438317209482193 0.436654686927795 0.434949785470963 0.433206707239151 0.431431293487549 0.429631531238556 0.427817791700363 0.426003187894821 0.424203664064407 0.422437787055969 0.420726358890533 0.419091284275055 0.417554646730423 0.416137397289276 0.41485869884491 0.413735568523407 0.412782400846481 0.412009507417679 0.41142138838768 0.411014705896378 0.410777807235718 0.410690784454346 0.41072690486908 0.410854399204254 0.411039233207703
0.461468011140823 0.460560023784637 0.459620743989944 0.45864874124527 0.457642585039139 0.456600725650787 0.455521523952484 0.454403400421143 0.453244596719742 0.452043384313583 0.450797975063324 0.449506491422653 0.448167204856873 0.446778237819672 0.445337951183319 0.443844676017761 0.442297041416168 0.440693944692612 0.439034730195999 0.437319248914719 0.435548335313797 0.4337238073349 0.43184906244278 0.429929316043854 0.427972346544266 0.425988882780075 0.423993200063705 0.422003448009491 0.420041710138321 0.418133318424225 0.41630557179451 0.414585739374161 0.412999331951141 0.411569267511368 0.410316407680511 0.409260183572769 0.408416658639908 0.407794892787933 0.40739294886589 0.407196581363678 0.40718001127243 0.40730744600296 0.407535344362259 0.407815515995026
0.461372941732407 0.460448294878006 0.459490686655045 0.458498597145081 0.45747035741806 0.45640417933464 0.455298274755478 0.454150706529617 0.452959448099136 0.451722413301468 0.450437426567078 0.449102193117142 0.447714447975159 0.446271806955338 0.444771856069565 0.443212330341339 0.441590964794159 0.43990570306778 0.438154816627502 0.43633708357811 0.434451997280121 0.432500153779984 0.430483549833298 0.42840638756752 0.426275491714478 0.424101442098618 0.421899288892746 0.419689506292343 0.41749832034111 0.415357202291489 0.413301020860672 0.411364316940308 0.40957772731781 0.407966554164886 0.406554281711578 0.405367136001587 0.404432147741318 0.403768062591553 0.403376340866089 0.403239578008652 0.40332442522049 0.403583943843842 0.403959006071091 0.404381185770035
0.461299538612366 0.460359066724777 0.459384083747864 0.458372801542282 0.457323372364044 0.456233859062195 0.455102145671844 0.453926086425781 0.452703267335892 0.451431304216385 0.450107544660568 0.448729306459427 0.447293668985367 0.445797711610794 0.444238275289536 0.44261223077774 0.440916359424591 0.439147531986237 0.437302738428116 0.435379266738892 0.433375000953674 0.431288689374924 0.429120451211929 0.426872491836548 0.424549967050552 0.422162234783173 0.419724345207214 0.417258679866791 0.41479629278183 0.412377208471298 0.410047829151154 0.407854527235031 0.405834168195724 0.404009193181992 0.402397751808167 0.401034235954285 0.399969726800919 0.399244993925095 0.398867815732956 0.398814290761948 0.399040788412094 0.399488508701324 0.400079250335693 0.400714963674545
0.461248934268951 0.460293620824814 0.459302246570587 0.458272844552994 0.457203358411789 0.456091612577438 0.454935312271118 0.453731894493103 0.452478736639023 0.451173037290573 0.449811697006226 0.448391526937485 0.446909099817276 0.445360720157623 0.443742513656616 0.44205042719841 0.440280139446259 0.438427269458771 0.436487257480621 0.434455662965775 0.432328313589096 0.430101573467255 0.42777281999588 0.425341308116913 0.42280912399292 0.420182883739471 0.417475908994675 0.414711266756058 0.411924868822098 0.409168183803558 0.406507015228271 0.404011189937592 0.401730626821518 0.399669736623764 0.397807985544205 0.396183162927628 0.394911497831345 0.394089907407761 0.393730908632278 0.393788605928421 0.39420422911644 0.394914627075195 0.395823746919632 0.396786093711853
0.461222171783447 0.460253179073334 0.459246575832367 0.458200246095657 0.457111984491348 0.455979347229004 0.454799801111221 0.453570485115051 0.4522884786129 0.450950533151627 0.449553191661835 0.448092699050903 0.446565002202988 0.444965749979019 0.443290233612061 0.441533356904984 0.439689666032791 0.437753319740295 0.435718089342117 0.433577477931976 0.431324779987335 0.428953349590302 0.426456987857819 0.423830717802048 0.421071767807007 0.418181627988815 0.415168941020966 0.412054091691971 0.408875823020935 0.405699163675308 0.402621656656265 0.399766325950623 0.39723339676857 0.394986927509308 0.392825156450272 0.390739172697067 0.389079451560974 0.388097703456879 0.387771040201187 0.387971192598343 0.388613611459732 0.38967376947403 0.391065984964371 0.392547398805618
0.461220324039459 0.460238844156265 0.459218293428421 0.45815646648407 0.457050859928131 0.455898880958557 0.454697668552399 0.45344415307045 0.452135056257248 0.450766772031784 0.449335336685181 0.447836548089981 0.446265697479248 0.444617748260498 0.4428870677948 0.441067576408386 0.439152538776398 0.437134623527527 0.435005694627762 0.432756930589676 0.43037873506546 0.427860915660858 0.425192713737488 0.422363489866257 0.419363498687744 0.416185855865479 0.412829726934433 0.409306466579437 0.405650049448013 0.401934713125229 0.398300886154175 0.394982784986496 0.392286390066147 0.390263557434082 0.387894093990326 0.384663105010986 0.38213711977005 0.380931288003922 0.380717545747757 0.381090074777603 0.381905943155289 0.383354246616364 0.385551929473877 0.387934923171997
0.461244314908981 0.460251718759537 0.459218680858612 0.458142817020416 0.457021504640579 0.455851852893829 0.454630851745605 0.453355103731155 0.45202100276947 0.45062455534935 0.449161410331726 0.447626799345016 0.446015477180481 0.444321602582932 0.442538738250732 0.440659761428833 0.438676595687866 0.43658035993576 0.434360980987549 0.432007104158401 0.429506003856659 0.42684331536293 0.424003034830093 0.42096745967865 0.417717665433884 0.414234459400177 0.410501211881638 0.406509518623352 0.402272284030914 0.397850900888443 0.393411904573441 0.389343321323395 0.386517107486725 0.38677567243576 0.386437386274338 0.377758204936981 0.373231112957001 0.371998488903046 0.372235298156738 0.37280461192131 0.373316556215286 0.374579548835754 0.378693908452988 0.382939785718918
0.461295068264008 0.460292786359787 0.459248840808868 0.458160609006882 0.457025349140167 0.455839961767197 0.45460119843483 0.453305393457413 0.451948642730713 0.450526595115662 0.449034452438354 0.447466999292374 0.445818394422531 0.444082081317902 0.442250818014145 0.440316379070282 0.438269555568695 0.436099767684937 0.433795034885406 0.43134143948555 0.428722977638245 0.425920933485031 0.422913491725922 0.419674903154373 0.416175127029419 0.412379205226898 0.408247530460358 0.403738528490067 0.398817390203476 0.393482595682144 0.387840420007706 0.382303297519684 0.37817519903183 0.381637305021286 0.418161243200302 0.366231679916382 0.360042810440063 0.360260963439941 0.362031787633896 0.362902224063873 0.360848188400269 0.353760421276093 0.370570808649063 0.37791097164154
0.461373388767242 0.460363000631332 0.459309756755829 0.458211004734039 0.45706370472908 0.455864667892456 0.454610377550125 0.453296929597855 0.45192015171051 0.450475335121155 0.448957353830338 0.447360455989838 0.445678263902664 0.443903625011444 0.44202846288681 0.44004362821579 0.437938690185547 0.435701638460159 0.43331852555275 0.430773109197617 0.428046107292175 0.42511460185051 0.421950787305832 0.418520778417587 0.414782494306564 0.410683006048203 0.406154960393906 0.401111453771591 0.39544078707695 0.389005869626999 0.381678193807602 0.373524874448776 0.365294605493546 0.358198583126068 0.355045229196548 0.34361332654953 0.337460607290268 0.343606263399124 0.350081205368042 0.351851344108582 0.33871403336525 0.35451877117157 0.36593571305275 0.373307198286057
0.461479932069778 0.46046307682991 0.45940238237381 0.458294987678528 0.457137733697891 0.455927282571793 0.454659879207611 0.453331470489502 0.451937526464462 0.450473099946976 0.4489326775074 0.447310149669647 0.4455985724926 0.443790286779404 0.441876441240311 0.439847111701965 0.437690734863281 0.435394018888474 0.432941377162933 0.43031433224678 0.427490830421448 0.424444019794464 0.421140849590302 0.417539805173874 0.413587629795074 0.409214198589325 0.404324293136597 0.398783147335052 0.392388701438904 0.384814113378525 0.375475317239761 0.363287955522537 0.347779244184494 0.333607465028763 0.32868167757988 0.321096569299698 0.312707751989365 0.316538989543915 0.327462255954742 0.335360586643219 0.336294144392014 0.348370403051376 0.360264152288437 0.368386894464493
0.461615353822708 0.46059376001358 0.459527462720871 0.458413451910019 0.457248449325562 0.456028968095779 0.454751044511795 0.453410446643829 0.452002465724945 0.45052182674408 0.448962718248367 0.44731867313385 0.445582360029221 0.443745583295822 0.44179892539978 0.439731687307358 0.437531501054764 0.435183972120285 0.432672083377838 0.429975688457489 0.427070409059525 0.423926383256912 0.420506328344345 0.41676276922226 0.412633806467056 0.408036082983017 0.40285325050354 0.396914303302765 0.389949440956116 0.381483674049377 0.370508342981339 0.353852212429047 0.317887872457504 0.315595686435699 0.286538511514664 0.302158415317535 0.309334695339203 0.315938025712967 0.334816962480545 0.348779708147049 0.339379072189331 0.340225905179977 0.350117206573486 0.362650960683823
0.461780071258545 0.460755586624146 0.459685623645782 0.45856711268425 0.457396686077118 0.456170618534088 0.454884946346283 0.453535169363022 0.452116370201111 0.450623124837875 0.449049323797226 0.447388201951981 0.445632100105286 0.443772405385971 0.441799223423004 0.439701348543167 0.437465667724609 0.435077011585236 0.432517439126968 0.429765462875366 0.426795214414597 0.423574775457382 0.420064300298691 0.416212737560272 0.411953240633011 0.407195508480072 0.401813358068466 0.395622164011002 0.388335317373276 0.379469037055969 0.368099182844162 0.352130979299545 0.327545255422592 0.284915179014206 0.265630334615707 0.281889468431473 0.301388144493103 0.315932780504227 0.308433264493942 0.338009089231491 0.340990126132965 0.328738868236542 0.340857654809952 0.356311529874802
0.461974442005157 0.460948944091797 0.459877341985703 0.458756536245346 0.457583039999008 0.456353068351746 0.455062419176102 0.453706562519073 0.452280402183533 0.450778305530548 0.449193984270096 0.447520434856415 0.445749759674072 0.44387298822403 0.441879957914352 0.439759016036987 0.437496691942215 0.43507719039917 0.432482063770294 0.429689168930054 0.426671832799911 0.423397332429886 0.419824868440628 0.415902435779572 0.411562383174896 0.406714230775833 0.401233613491058 0.39494377374649 0.387584745883942 0.378761470317841 0.367866516113281 0.354043632745743 0.336450606584549 0.295001745223999 0.295145809650421 0.282932132482529 0.292697578668594 0.316583544015884 0.321694910526276 0.329699009656906 0.35776948928833 0.345281332731247 0.352350413799286 0.360613346099854
0.462198734283447 0.461174100637436 0.4601029753685 0.458982110023499 0.45780798792839 0.456576734781265 0.455284088850021 0.453925371170044 0.452495336532593 0.450988262891769 0.44939774274826 0.447716534137726 0.445936620235443 0.444048821926117 0.442042797803879 0.439906626939774 0.437626600265503 0.43518677353859 0.432568460702896 0.429749399423599 0.426702976226807 0.423396676778793 0.419790327548981 0.415833324193954 0.411460787057877 0.406587511301041 0.40109920501709 0.394839197397232 0.387589275836945 0.379044473171234 0.368787527084351 0.356270283460617 0.340604901313782 0.314796417951584 0.30217707157135 0.278110921382904 0.300502330064774 0.305331617593765 0.312189400196075 0.334500759840012 0.337759435176849 0.339078843593597 0.347982257604599 0.364668190479279
