simulations/fitting/inputs/agg_inputs/vector_abundance_layer.asc
NCOLS 131 
NROWS 137 
XLLCORNER 29.541666667 
YLLCORNER -1.483333333 
CELLSIZE 0.0416666666641221 
NODATA_value -3.4e+38 
[rows 80 to 99 of 137, columns 44 to 87 of 131]
0.487642645835876 0.499426186084747 0.511815309524536 0.520009458065033 0.526877999305725 0.532785832881927 0.536542952060699 0.551181495189667 0.567181289196014 0.671617686748505 0.568413853645325 0.556199312210083 0.579051077365875 0.594423115253448 0.60842376947403 0.614782273769379 0.61517459154129 0.616538107395172 0.620402574539185 0.630374372005463 0.639183461666107 0.631481885910034 0.637435078620911 0.631259083747864 0.628720641136169 0.626676976680756 0.612804532051086 0.67601603269577 0.665786027908325 0.677151501178741 0.665302932262421 0.683682382106781 0.672172844409943 0.663962841033936 0.654859602451324 0.644030869007111 0.660860657691956 0.648991048336029 0.646600067615509 0.644206702709198 0.655468463897705 0.670634806156158 0.631242156028748 0.609830498695374
0.479792416095734 0.504512250423431 0.515125095844269 0.52285099029541 0.529855251312256 0.53957587480545 0.54954993724823 0.561750173568726 0.576296210289001 0.611178398132324 0.583372294902802 0.49275079369545 0.551309406757355 0.59970235824585 0.610164999961853 0.616595983505249 0.624161899089813 0.622840762138367 0.621429622173309 0.626652479171753 0.651783525943756 0.633129477500916 0.642266929149628 0.646646857261658 0.64667820930481 0.637420177459717 0.63542902469635 0.647127866744995 0.660053670406342 0.687955379486084 0.710894286632538 0.704014837741852 0.679219186306 0.670826256275177 0.665074050426483 0.637482762336731 0.674873650074005 0.646297872066498 0.644971370697021 0.640409648418427 0.648894369602203 0.655113875865936 0.66912829875946 0.618966639041901
0.497120410203934 0.508676826953888 0.516701698303223 0.524332165718079 0.532565474510193 0.543852031230927 0.556066334247589 0.59491354227066 0.578071713447571 0.582403481006622 0.581676006317139 0.579484403133392 0.590845823287964 0.604593515396118 0.605318248271942 0.617148816585541 0.647028028964996 0.628111600875854 0.62035745382309 0.622260332107544 0.624103248119354 0.63556295633316 0.65843677520752 0.660551607608795 0.66112208366394 0.64689177274704 0.64641922712326 0.640330135822296 0.657679498195648 0.68499892950058 0.699645936489105 0.69820362329483 0.687125742435455 0.676760494709015 0.675358533859253 0.672280550003052 0.671884715557098 0.669400691986084 0.65596729516983 0.650452852249146 0.641717672348022 0.651590704917908 0.650012254714966 0.639345824718475
0.50451934337616 0.51007068157196 0.516083717346191 0.524763405323029 0.536067843437195 0.546415448188782 0.557857096195221 0.571438908576965 0.583564102649689 0.586494565010071 0.586777448654175 0.586452484130859 0.589878857135773 0.593932330608368 0.629159450531006 0.629990875720978 0.584740579128265 0.619297206401825 0.589096009731293 0.619207620620728 0.6186643242836 0.633781909942627 0.653191685676575 0.648871839046478 0.676675617694855 0.657541334629059 0.667197287082672 0.642423748970032 0.661045908927917 0.681290149688721 0.697243571281433 0.715272903442383 0.700179278850555 0.692047238349915 0.688908159732819 0.689633786678314 0.710173070430756 0.762010812759399 0.673978447914124 0.660058081150055 0.656545877456665 0.656973481178284 0.673616528511047 0.627948224544525
0.507915735244751 0.508226037025452 0.513691365718842 0.525857865810394 0.536871314048767 0.547434687614441 0.557944357395172 0.567972421646118 0.587421536445618 0.601160109043121 0.610238671302795 0.591228663921356 0.59153950214386 0.589950799942017 0.590261161327362 0.600741744041443 0.611352682113647 0.617814421653748 0.612425446510315 0.616144895553589 0.623285830020905 0.630611598491669 0.641464173793793 0.642821550369263 0.651132106781006 0.659428060054779 0.673735439777374 0.653674483299255 0.665173292160034 0.7031329870224 0.713341057300568 0.74803626537323 0.702326774597168 0.708304345607758 0.710817277431488 0.711364388465881 0.77807891368866 0.70061844587326 0.681059539318085 0.673195421695709 0.670379042625427 0.660724461078644 0.653040111064911 0.6346435546875
0.507102847099304 0.504575788974762 0.507031381130219 0.522839605808258 0.534490883350372 0.546950817108154 0.559012472629547 0.568771958351135 0.580863177776337 0.593367099761963 0.599601984024048 0.59683895111084 0.592376053333282 0.585601925849915 0.56767863035202 0.592033624649048 0.599761843681335 0.621714651584625 0.614412248134613 0.614110469818115 0.622199833393097 0.640396356582642 0.647987604141235 0.645018935203552 0.646079897880554 0.65525895357132 0.67157393693924 0.687209367752075 0.695519208908081 0.70901083946228 0.779013991355896 0.748965501785278 0.716022253036499 0.702053487300873 0.713129639625549 0.725439190864563 0.705725610256195 0.676873207092285 0.685714423656464 0.69925594329834 0.676239311695099 0.660344064235687 0.647961139678955 0.635153889656067
0.512597739696503 0.51266598701477 0.518623650074005 0.524895191192627 0.532689571380615 0.545121610164642 0.562586486339569 0.574245393276215 0.581264615058899 0.59131908416748 0.605948209762573 0.604064881801605 0.595167100429535 0.590460181236267 0.589500486850739 0.59253853559494 0.602456390857697 0.612231194972992 0.615059435367584 0.618752002716064 0.626708567142487 0.642582952976227 0.652134597301483 0.645492196083069 0.657057404518127 0.66863226890564 0.681729733943939 0.703697025775909 0.721205353736877 0.751380443572998 0.747091352939606 0.710794031620026 0.71575665473938 0.710698008537292 0.719780683517456 0.703716218471527 0.721934378147125 0.697786092758179 0.701902389526367 0.73017281293869 0.68110179901123 0.65818440914154 0.644677042961121 0.63271301984787
0.503287553787231 0.517263114452362 0.524397194385529 0.529632210731506 0.540630578994751 0.553232669830322 0.567878723144531 0.601758778095245 0.580301940441132 0.592412769794464 0.627798199653625 0.613919079303741 0.597014248371124 0.593244850635529 0.592825591564178 0.58062344789505 0.59907990694046 0.605944335460663 0.611502468585968 0.616347670555115 0.617755949497223 0.638808012008667 0.644055902957916 0.647133708000183 0.667547345161438 0.672743618488312 0.688990235328674 0.720525443553925 0.864493668079376 0.771405816078186 0.772594332695007 0.733264982700348 0.723800599575043 0.717427432537079 0.689363539218903 0.68975430727005 0.691305756568909 0.688020408153534 0.687266051769257 0.692204833030701 0.670406639575958 0.656400322914124 0.643757104873657 0.631933450698853
0.508778870105743 0.51171350479126 0.523481607437134 0.534065127372742 0.548024654388428 0.557402014732361 0.566968977451324 0.575291693210602 0.575665593147278 0.587270975112915 0.612033128738403 0.602110862731934 0.594071686267853 0.59256249666214 0.592841625213623 0.590900897979736 0.590965509414673 0.600406348705292 0.606042981147766 0.612448751926422 0.608201622962952 0.617862045764923 0.631986260414124 0.640380024909973 0.655522286891937 0.667852222919464 0.70556914806366 0.754066288471222 0.77849531173706 0.801366031169891 0.77227383852005 0.751182734966278 0.725621938705444 0.698996126651764 0.700019359588623 0.69494217634201 0.687844097614288 0.681825220584869 0.676874995231628 0.670725107192993 0.645743489265442 0.656192302703857 0.644557654857635 0.632219314575195
0.522159039974213 0.527298510074615 0.52652233839035 0.536159455776215 0.575266063213348 0.560342609882355 0.565954089164734 0.575507760047913 0.583346545696259 0.582541525363922 0.59164309501648 0.587672293186188 0.586556553840637 0.589872002601624 0.591929137706757 0.592188000679016 0.58632093667984 0.594904899597168 0.596340417861938 0.610999763011932 0.617228090763092 0.616553902626038 0.617967367172241 0.630977690219879 0.656515598297119 0.684556007385254 0.741882681846619 0.758082807064056 0.785228848457336 0.785539925098419 0.877285122871399 0.755038857460022 0.700607538223267 0.6932652592659 0.683414340019226 0.693393588066101 0.689443051815033 0.679314494132996 0.672351360321045 0.667002737522125 0.663482785224915 0.658478260040283 0.646835088729858 0.634112119674683
0.547695219516754 0.537231624126434 0.539884269237518 0.547631800174713 0.557490110397339 0.562693297863007 0.567223191261292 0.576167345046997 0.596334636211395 0.707320272922516 0.584833979606628 0.580375075340271 0.573028266429901 0.585702896118164 0.590904951095581 0.589281976222992 0.590581297874451 0.596036553382874 0.605181634426117 0.613151550292969 0.620728969573975 0.624798655509949 0.630532383918762 0.64165073633194 0.659340918064117 0.686740100383759 0.729792475700378 0.76011049747467 0.786657631397247 0.794149816036224 0.782977342605591 0.751502692699432 0.737158060073853 0.68585616350174 0.694517493247986 0.771562099456787 0.682592689990997 0.677712321281433 0.674428164958954 0.670836627483368 0.666331768035889 0.660269558429718 0.651951789855957 0.641941249370575
0.534645736217499 0.539955854415894 0.545550227165222 0.553982436656952 0.565552771091461 0.571441531181335 0.563933908939362 0.577196538448334 0.585065722465515 0.589042842388153 0.585563242435455 0.581082463264465 0.579230189323425 0.586618483066559 0.58964192867279 0.584573745727539 0.59371691942215 0.601832985877991 0.609812378883362 0.617409765720367 0.623796105384827 0.632188975811005 0.640489161014557 0.6534783244133 0.653488099575043 0.672835648059845 0.726318955421448 0.753194749355316 0.816861569881439 0.780438482761383 0.853272199630737 0.736087679862976 0.708754062652588 0.572176337242126 0.684153974056244 0.684356391429901 0.664721608161926 0.677175641059875 0.678070902824402 0.679065525531769 0.675509333610535 0.729473114013672 0.656082034111023 0.629770517349243
0.535690188407898 0.541683614253998 0.548458099365234 0.55827808380127 0.585733652114868 0.598265767097473 0.574222147464752 0.575678408145905 0.579580843448639 0.582501530647278 0.583697557449341 0.584211826324463 0.585609614849091 0.588259220123291 0.590209066867828 0.592943847179413 0.598923981189728 0.606461405754089 0.614902019500732 0.62738698720932 0.619259059429169 0.63383424282074 0.646796882152557 0.663206398487091 0.685635268688202 0.716001927852631 0.697230279445648 0.727990925312042 0.738666236400604 0.735713541507721 0.725713670253754 0.716473817825317 0.675452411174774 0.668464541435242 0.656310200691223 0.668317139148712 0.665705621242523 0.674006879329681 0.711692452430725 0.706826508045197 0.701509475708008 0.667136192321777 0.66741943359375 0.633969366550446
0.537127077579498 0.542815327644348 0.549356341362 0.557823240756989 0.569835841655731 0.57543957233429 0.573093712329865 0.574454545974731 0.577394723892212 0.580329537391663 0.582752287387848 0.584768295288086 0.586397767066956 0.587500751018524 0.587641775608063 0.591227650642395 0.602510690689087 0.612184703350067 0.617899537086487 0.630486786365509 0.63677853345871 0.643351554870605 0.635691583156586 0.660545587539673 0.678438603878021 0.690622508525848 0.692351698875427 0.712376534938812 0.717101216316223 0.715526163578033 0.707202672958374 0.686418294906616 0.678594827651978 0.68638414144516 0.676126003265381 0.672716736793518 0.679070115089417 0.691047608852386 0.708632349967957 0.737658321857452 0.703475296497345 0.687514543533325 0.658125698566437 0.63679164648056
0.537216067314148 0.542820155620575 0.548529982566833 0.555552005767822 0.562398910522461 0.567211985588074 0.570001900196075 0.57277113199234 0.575984477996826 0.579206347465515 0.582230865955353 0.584930002689362 0.586608231067657 0.581481099128723 0.584890365600586 0.593531668186188 0.607667624950409 0.620505034923553 0.635273516178131 0.645219504833221 0.654277682304382 0.654114186763763 0.653540909290314 0.666622340679169 0.681316196918488 0.696460902690887 0.721723675727844 0.697706341743469 0.710376441478729 0.70745325088501 0.701154232025146 0.694836139678955 0.694475948810577 0.693599820137024 0.683572769165039 0.688527464866638 0.685041546821594 0.707354307174683 0.744217753410339 0.708536326885223 0.688778579235077 0.68671065568924 0.655824840068817 0.636399030685425
0.532405436038971 0.542245030403137 0.536599576473236 0.553749978542328 0.559751272201538 0.56427925825119 0.56735897064209 0.570569336414337 0.57470315694809 0.578233003616333 0.58183079957962 0.585183799266815 0.588281750679016 0.591434597969055 0.595185220241547 0.605736076831818 0.620232343673706 0.630740225315094 0.658613502979279 0.682974994182587 0.680881083011627 0.682628989219666 0.67166417837143 0.675331950187683 0.690238356590271 0.842441380023956 0.749546229839325 0.727112233638763 0.711651742458344 0.708199322223663 0.700071275234222 0.696997344493866 0.699752688407898 0.713213980197906 0.690654218196869 0.696119427680969 0.681937396526337 0.839473485946655 0.795420944690704 0.697850167751312 0.676847815513611 0.662792861461639 0.648142278194427 0.6343554854393
0.539254128932953 0.543449521064758 0.54573255777359 0.552930474281311 0.558706104755402 0.563105225563049 0.56515246629715 0.567130208015442 0.573684811592102 0.574191927909851 0.581394016742706 0.58513879776001 0.588735997676849 0.59442800283432 0.601722300052643 0.607887327671051 0.6268230676651 0.636865615844727 0.670137703418732 0.64852648973465 0.650302767753601 0.654049038887024 0.669120013713837 0.695147037506104 0.714209318161011 0.800958275794983 0.982743322849274 0.758533537387848 0.726903140544891 0.708124339580536 0.698890328407288 0.696081638336182 0.701876282691956 0.735712170600891 0.747830927371979 0.688950061798096 0.696157872676849 0.716043472290039 0.708136975765228 0.684753835201263 0.667092442512512 0.654058456420898 0.642281174659729 0.631306946277618
0.540342628955841 0.544361770153046 0.548255145549774 0.553101420402527 0.558372795581818 0.563099384307861 0.566922545433044 0.570621848106384 0.574381113052368 0.577377319335938 0.581794679164886 0.58526086807251 0.588233411312103 0.594882190227509 0.601145923137665 0.603762626647949 0.62061220407486 0.636010944843292 0.633707880973816 0.633695721626282 0.613014161586761 0.642088770866394 0.661594331264496 0.688346087932587 0.78580915927887 0.74523663520813 0.763166606426239 0.816230535507202 0.773138046264648 0.709253370761871 0.695599675178528 0.691889226436615 0.696094930171967 0.7156902551651 0.725542485713959 0.692817628383636 0.685723900794983 0.684624791145325 0.67993038892746 0.669261574745178 0.657734572887421 0.64717561006546 0.63738489151001 0.628179967403412
0.540484488010406 0.544362843036652 0.548229217529297 0.550658822059631 0.557938277721405 0.56369811296463 0.568172931671143 0.572098314762115 0.575723111629486 0.579163312911987 0.582637012004852 0.586109459400177 0.589842200279236 0.594070971012115 0.597948610782623 0.60401326417923 0.612697005271912 0.616065680980682 0.619512438774109 0.60717499256134 0.617829144001007 0.639525592327118 0.651772201061249 0.667669832706451 0.691528975963593 0.710965275764465 0.72780054807663 0.737769186496735 0.726979553699493 0.698717713356018 0.688601315021515 0.68460476398468 0.68513423204422 0.688631236553192 0.688110768795013 0.680329859256744 0.674403369426727 0.670112907886505 0.664837419986725 0.657623827457428 0.649392545223236 0.641047537326813 0.632919490337372 0.625101089477539
0.539530515670776 0.541417241096497 0.547463238239288 0.550514459609985 0.558790802955627 0.565002143383026 0.569706678390503 0.573645114898682 0.577169835567474 0.580369532108307 0.58336329460144 0.586451649665833 0.589757561683655 0.593075215816498 0.595246016979218 0.594741582870483 0.602361679077148 0.600670278072357 0.609644889831543 0.616290032863617 0.624251246452332 0.635842800140381 0.645693302154541 0.660927712917328 0.675677597522736 0.69596129655838 0.736138701438904 0.700401663780212 0.681281626224518 0.684933364391327 0.679153144359589 0.67579174041748 0.674456715583801 0.673852682113647 0.671982049942017 0.668239235877991 0.663957417011261 0.659594655036926 0.654659748077393 0.648846745491028 0.642364799976349 0.635587751865387 0.628782987594604 0.622100472450256
