simulations/fitting/inputs/agg_inputs/vector_abundance_layer.asc
NCOLS 131 
NROWS 137 
XLLCORNER 29.541666667 
YLLCORNER -1.483333333 
CELLSIZE 0.0416666666641221 
NODATA_value -3.4e+38 
[rows 20 to 39 of 137, columns 0 to 43 of 131]
0.462452948093414 0.46143114566803 0.460362613201141 0.459244012832642 0.458071768283844 0.456841975450516 0.455550283193588 0.45419192314148 0.452761650085449 0.451253563165665 0.449661195278168 0.447977215051651 0.44619345664978 0.44430074095726 0.442288517951965 0.440144896507263 0.437856137752533 0.43540632724762 0.432776898145676 0.429945975542068 0.426887571811676 0.423570245504379 0.419955730438232 0.415996581315994 0.411633104085922 0.40678870677948 0.401363223791122 0.395223319530487 0.388188242912292 0.380009531974792 0.370336383581161 0.358615934848785 0.343412578105927 0.336973369121552 0.300817966461182 0.310369431972504 0.31730929017067 0.326150268316269 0.310676395893097 0.324432671070099 0.341647684574127 0.327992141246796 0.350165128707886 0.366009622812271
0.462737083435059 0.461720108985901 0.460656255483627 0.459542214870453 0.458374410867691 0.457148820161819 0.45586109161377 0.454506427049637 0.453079462051392 0.451574325561523 0.449984490871429 0.448302567005157 0.446520417928696 0.444628745317459 0.442617148160934 0.440473705530167 0.438184827566147 0.435734897851944 0.433105766773224 0.430276215076447 0.427221238613129 0.423911184072495 0.420310378074646 0.416375428438187 0.41205307841301 0.407276630401611 0.401961117982864 0.395995289087296 0.389227539300919 0.381438463926315 0.37227600812912 0.361058354377747 0.345903247594833 0.328658372163773 0.332548379898071 0.329381555318832 0.337078928947449 0.340206950902939 0.343219548463821 0.354754447937012 0.337823420763016 0.343355089426041 0.329818338155746 0.36506062746048
0.463050961494446 0.462040722370148 0.460983723402023 0.459876596927643 0.458715736865997 0.457497090101242 0.456216335296631 0.454868614673615 0.453448593616486 0.451950371265411 0.450367391109467 0.448692321777344 0.446917027235031 0.445032328367233 0.443027853965759 0.440891891717911 0.438611149787903 0.436170309782028 0.433551847934723 0.430735409259796 0.42769730091095 0.424409687519073 0.420839697122574 0.416948258876801 0.412688404321671 0.408003151416779 0.402821779251099 0.397053271532059 0.390571117401123 0.383175700902939 0.374482929706573 0.363518059253693 0.34776508808136 0.325007826089859 0.341840326786041 0.345676332712173 0.348678916692734 0.351351708173752 0.351273536682129 0.34945747256279 0.358029425144196 0.36030238866806 0.363027513027191 0.354155033826828
0.463394165039062 0.462392717599869 0.461344689130783 0.46024677157402 0.459095329046249 0.457886397838593 0.456615597009659 0.455278068780899 0.453868538141251 0.452381074428558 0.450809240341187 0.449145704507828 0.447382420301437 0.44551032781601 0.443519234657288 0.441397666931152 0.439132630825043 0.436709314584732 0.434110850095749 0.431317716836929 0.42830753326416 0.425054252147675 0.42152750492096 0.417691797018051 0.413505464792252 0.408919245004654 0.403874427080154 0.398298025131226 0.392090141773224 0.385084867477417 0.376922309398651 0.366419345140457 0.350956946611404 0.339689880609512 0.344671756029129 0.3519007563591 0.355535268783569 0.358504563570023 0.361032694578171 0.363659799098969 0.365521967411041 0.366450577974319 0.373442798852921 0.379974603652954
0.463766306638718 0.462775528430939 0.461738586425781 0.46065217256546 0.459512680768967 0.458316117525101 0.457058191299438 0.455734074115753 0.454338490962982 0.45286563038826 0.451309025287628 0.449661552906036 0.447915226221085 0.446061134338379 0.444089293479919 0.441988557577133 0.439746230840683 0.437348037958145 0.434777677059174 0.432016521692276 0.429043263196945 0.425833225250244 0.422357946634293 0.418584257364273 0.414473533630371 0.409980893135071 0.40505439043045 0.399633824825287 0.393646121025085 0.386979937553406 0.379385024309158 0.370147049427032 0.357917606830597 0.348837703466415 0.348569184541702 0.354012548923492 0.357897073030472 0.362177520990372 0.366298705339432 0.369726300239563 0.37262812256813 0.374899953603745 0.380448967218399 0.386183470487595
0.464166700839996 0.463188529014587 0.462164729833603 0.461092084646225 0.459966957569122 0.458785444498062 0.457543224096298 0.456235617399216 0.454857379198074 0.453402787446976 0.451865434646606 0.450238347053528 0.448513686656952 0.446682691574097 0.444735676050186 0.442661702632904 0.440448462963104 0.438082158565521 0.43554699420929 0.432825118303299 0.429895997047424 0.426735907793045 0.423317283391953 0.419607758522034 0.415568977594376 0.411155134439468 0.406311810016632 0.400976777076721 0.395087659358978 0.388594716787338 0.381389945745468 0.372741162776947 0.3603895008564 0.359174907207489 0.352703392505646 0.328306585550308 0.35344272851944 0.361919432878494 0.368575096130371 0.373035252094269 0.376479476690292 0.380256712436676 0.385718017816544 0.390783727169037
0.464594662189484 0.463630944490433 0.462622344493866 0.461565613746643 0.4604572057724 0.459293305873871 0.458069622516632 0.456781536340714 0.455423891544342 0.453991085290909 0.452476859092712 0.450874298810959 0.449175775051117 0.447372704744339 0.445455640554428 0.44341391324997 0.441235601902008 0.438907206058502 0.436413526535034 0.43373715877533 0.430858075618744 0.427753061056137 0.424394696950912 0.420749962329865 0.416777968406677 0.412426322698593 0.407625466585159 0.402280747890472 0.396273761987686 0.389543831348419 0.382356852293015 0.374439150094986 0.34979060292244 0.359020113945007 0.352095276117325 0.353959858417511 0.346495002508163 0.362943083047867 0.362808585166931 0.373864233493805 0.377277940511703 0.380550801753998 0.38911360502243 0.394446134567261
0.465049296617508 0.464101850986481 0.463110387325287 0.462071686983109 0.460982322692871 0.459838479757309 0.458636045455933 0.45737037062645 0.456036508083344 0.454628884792328 0.453141421079636 0.451567322015762 0.449899137020111 0.448128551244736 0.446246236562729 0.4442418217659 0.442103743553162 0.439818769693375 0.437372088432312 0.434746652841568 0.431922793388367 0.42887732386589 0.425582528114319 0.422003924846649 0.418096721172333 0.413798809051514 0.409016311168671 0.403589457273483 0.397200852632523 0.389104783535004 0.379839509725571 0.374179363250732 0.363620668649673 0.359914422035217 0.353949189186096 0.346512377262115 0.362018018960953 0.360842764377594 0.369109749794006 0.376923233270645 0.377284914255142 0.381815224885941 0.391924679279327 0.397510707378387
0.465529590845108 0.464600175619125 0.463627725839615 0.462609142065048 0.461540997028351 0.460419625043869 0.459240972995758 0.458000540733337 0.456693410873413 0.455314248800278 0.453857004642487 0.452315151691437 0.450681298971176 0.44894739985466 0.447104334831238 0.44514200091362 0.443049013614655 0.44081249833107 0.438417851924896 0.435848265886307 0.433084279298782 0.430102676153183 0.426875293254852 0.423366278409958 0.419527679681778 0.415289878845215 0.410540044307709 0.405064612627029 0.398349732160568 0.388448894023895 0.370196610689163 0.374049723148346 0.372767001390457 0.368607491254807 0.368836969137192 0.370020776987076 0.371486395597458 0.369310647249222 0.374362617731094 0.379375755786896 0.381790727376938 0.386922180652618 0.394012302160263 0.39971512556076
0.466034471988678 0.465124756097794 0.46417310833931 0.463176548480988 0.462131768465042 0.461035162210464 0.459882736206055 0.458670198917389 0.45739272236824 0.456045031547546 0.454621374607086 0.453115254640579 0.451519548892975 0.449826329946518 0.448026776313782 0.446110904216766 0.444067567586899 0.441884130239487 0.439546197652817 0.437037110328674 0.434337437152863 0.431423991918564 0.42826834321022 0.424834132194519 0.421072542667389 0.416912704706192 0.41224130988121 0.406851589679718 0.400289744138718 0.391136586666107 0.375436872243881 0.373287677764893 0.369296818971634 0.369528353214264 0.371238678693771 0.376560091972351 0.380069941282272 0.382565081119537 0.385199517011642 0.385008126497269 0.378997206687927 0.383174121379852 0.391281336545944 0.398231953382492
0.466562688350677 0.465674221515656 0.464745134115219 0.463772475719452 0.462753057479858 0.461683362722397 0.460559517145157 0.459377378225327 0.458132237195969 0.456818997859955 0.455431997776031 0.45396500825882 0.452410995960236 0.450762301683426 0.449010193347931 0.447144955396652 0.445155620574951 0.443029701709747 0.440752893686295 0.43830868601799 0.435677647590637 0.432836592197418 0.42975702881813 0.426403015851974 0.422726929187775 0.418662428855896 0.414110451936722 0.408911734819412 0.402792632579803 0.39529287815094 0.386015981435776 0.374351114034653 0.361108034849167 0.360540688037872 0.364788681268692 0.379770755767822 0.385571151971817 0.389463007450104 0.392537176609039 0.394763052463531 0.396649748086929 0.398531198501587 0.399865746498108 0.403807580471039
0.467112898826599 0.466247230768204 0.465342283248901 0.46439528465271 0.463403105735779 0.462362349033356 0.461269319057465 0.460119962692261 0.458909720182419 0.457633674144745 0.45628634095192 0.454861581325531 0.453352689743042 0.451752066612244 0.450051218271255 0.448240607976913 0.446309387683868 0.444245219230652 0.442033916711807 0.439658880233765 0.437100678682327 0.434336066246033 0.431336581707001 0.428066730499268 0.424480885267258 0.42051836848259 0.4160957634449 0.411094546318054 0.405343055725098 0.398584097623825 0.390272289514542 0.377127051353455 0.368106693029404 0.367764353752136 0.370335131883621 0.38236203789711 0.389373451471329 0.394333809614182 0.398188412189484 0.401171058416367 0.40319561958313 0.40639865398407 0.410404026508331 0.414381206035614
0.467683702707291 0.466842204332352 0.465962946414948 0.465043216943741 0.464080035686493 0.463070154190063 0.462009996175766 0.460895627737045 0.459722727537155 0.458486467599869 0.457181543111801 0.455802083015442 0.454341471195221 0.452792346477509 0.451146394014359 0.449394255876541 0.447525203227997 0.445526987314224 0.443385422229767 0.441083937883377 0.438602834939957 0.435918629169464 0.43300262093544 0.429819285869598 0.426323682069778 0.42245814204216 0.418146938085556 0.413288533687592 0.407739847898483 0.401260703802109 0.393221855163574 0.380818992853165 0.359691232442856 0.373348414897919 0.366729915142059 0.382933408021927 0.391841739416122 0.39803147315979 0.402771323919296 0.406359165906906 0.407129794359207 0.411868423223495 0.417463302612305 0.421581864356995
0.468273520469666 0.467457503080368 0.466605335474014 0.465714395046234 0.464781880378723 0.463804662227631 0.46277928352356 0.461701989173889 0.460568636655807 0.459374606609344 0.458114743232727 0.456783354282379 0.455374091863632 0.453879743814468 0.452292174100876 0.450602233409882 0.448799312114716 0.446871280670166 0.444803863763809 0.44258040189743 0.440180957317352 0.437581449747086 0.434752404689789 0.43165722489357 0.428249567747116 0.424469918012619 0.420240134000778 0.415454417467117 0.40996190905571 0.403530657291412 0.395802646875381 0.386278122663498 0.375478953123093 0.377828508615494 0.3717200756073 0.381040930747986 0.392790675163269 0.400889337062836 0.406718850135803 0.411202132701874 0.414990037679672 0.419205486774445 0.42388704419136 0.428389251232147
0.46888080239296 0.468091428279877 0.467267602682114 0.466406881809235 0.46550652384758 0.464563578367233 0.463574767112732 0.462536484003067 0.461444765329361 0.4602952003479 0.459082841873169 0.457802206277847 0.456447124481201 0.455010652542114 0.453484863042831 0.451860785484314 0.450127959251404 0.448274314403534 0.446285665035248 0.444145143032074 0.441832393407822 0.439322650432587 0.436585128307343 0.43358102440834 0.430260360240936 0.426557272672653 0.422382026910782 0.417606294155121 0.412030935287476 0.405301630496979 0.396628737449646 0.384100556373596 0.378579586744308 0.379651516675949 0.309609740972519 0.36523574590683 0.391108870506287 0.403444617986679 0.410319358110428 0.415430665016174 0.419998586177826 0.424710601568222 0.4299136698246 0.435726165771484
0.469503819942474 0.468742161989212 0.467947870492935 0.467118591070175 0.466251760721207 0.465344578027725 0.46439391374588 0.463396400213242 0.462348222732544 0.461245179176331 0.460082590579987 0.458855152130127 0.457556992769241 0.456181347370148 0.454720586538315 0.453165918588638 0.451507151126862 0.449732303619385 0.447827249765396 0.445775002241135 0.443554878234863 0.441141277551651 0.438501864671707 0.435594975948334 0.432365536689758 0.428738296031952 0.424606084823608 0.419806271791458 0.414066672325134 0.406841903924942 0.396422684192657 0.364747405052185 0.379353046417236 0.381001442670822 0.375608742237091 0.378818899393082 0.394761681556702 0.407073378562927 0.413812011480331 0.418986320495605 0.423834830522537 0.429077088832855 0.435313582420349 0.44371709227562
0.470140814781189 0.469407826662064 0.468644082546234 0.467847347259521 0.467015266418457 0.466145157814026 0.465234130620956 0.464278936386108 0.463276028633118 0.462221413850784 0.46111062169075 0.459938675165176 0.458699911832809 0.457387894392014 0.455995231866837 0.45451346039772 0.45293265581131 0.451241075992584 0.449424743652344 0.44746670126915 0.445346057415009 0.443036586046219 0.44050458073616 0.437705606222153 0.434579282999039 0.431040376424789 0.426962614059448 0.422146737575531 0.416248053312302 0.408581674098969 0.3978471159935 0.37596395611763 0.381016105413437 0.388698369264603 0.392998307943344 0.397957354784012 0.404876053333282 0.411650687456131 0.417017787694931 0.421692758798599 0.426442742347717 0.43216061592102 0.439503490924835 0.450025290250778
0.470789968967438 0.470086455345154 0.469354122877121 0.468590945005417 0.46779465675354 0.466962784528732 0.466092616319656 0.465181171894073 0.464225023984909 0.463220506906509 0.462163388729095 0.461048990488052 0.459871917963028 0.458626091480255 0.457304447889328 0.45589891076088 0.454399883747101 0.452796041965485 0.451073706150055 0.449216216802597 0.447202831506729 0.445007115602493 0.442594617605209 0.439919143915176 0.436916351318359 0.433492839336395 0.429505854845047 0.424722522497177 0.418729573488235 0.410677492618561 0.397603422403336 0.34122160077095 0.390255838632584 0.398569822311401 0.403112143278122 0.407007575035095 0.411118507385254 0.415336191654205 0.419312953948975 0.423090606927872 0.427072763442993 0.432732135057449 0.437507957220078 0.452431678771973
0.471449345350266 0.47077602148056 0.470075875520706 0.469347029924393 0.468587428331375 0.46779477596283 0.466966569423676 0.466100007295609 0.4651919901371 0.464239031076431 0.463237196207047 0.462182134389877 0.46106880903244 0.459891498088837 0.458643585443497 0.457317352294922 0.455903768539429 0.45439201593399 0.452768981456757 0.451018631458282 0.449120759963989 0.447049528360367 0.444770932197571 0.442238599061966 0.439387112855911 0.436119437217712 0.432282954454422 0.427618265151978 0.421634137630463 0.413260608911514 0.400561809539795 0.385486632585526 0.393588125705719 0.40416693687439 0.408821254968643 0.411706119775772 0.414384007453918 0.417232096195221 0.420081734657288 0.42264387011528 0.424104511737823 0.426311135292053 0.439234972000122 0.449374139308929
0.472117036581039 0.471474438905716 0.470807045698166 0.470113217830658 0.469391047954559 0.46863842010498 0.467853039503098 0.467032372951508 0.466173529624939 0.465273320674896 0.464328169822693 0.463334023952484 0.462286204099655 0.461179435253143 0.460007607936859 0.458763509988785 0.457438707351685 0.456023097038269 0.454504430294037 0.452867567539215 0.451093554496765 0.449157953262329 0.447028458118439 0.444660991430283 0.441992938518524 0.438930541276932 0.43532383441925 0.430908650159836 0.42514157295227 0.416435420513153 0.395365566015244 0.398529082536697 0.398807674646378 0.408727794885635 0.412490636110306 0.413233608007431 0.414577960968018 0.416601210832596 0.418649137020111 0.419918745756149 0.418306708335876 0.421484708786011 0.438653081655502 0.448274165391922
