simulations/fitting/inputs/agg_inputs/vector_abundance_layer.asc
NCOLS 131 
NROWS 137 
XLLCORNER 29.541666667 
YLLCORNER -1.483333333 
CELLSIZE 0.0416666666641221 
NODATA_value -3.4e+38 
[rows 100 to 119 of 137, columns 44 to 87 of 131]
0.539870917797089 0.543083667755127 0.548266708850861 0.551651060581207 0.560921788215637 0.567376971244812 0.572063267230988 0.575762331485748 0.579278826713562 0.582235097885132 0.584070026874542 0.586499273777008 0.589375913143158 0.592372298240662 0.594555974006653 0.592933833599091 0.590376436710358 0.596300303936005 0.60908043384552 0.61665815114975 0.623855173587799 0.633097290992737 0.642275631427765 0.65232640504837 0.662916421890259 0.673941016197205 0.679684996604919 0.679535686969757 0.675477027893066 0.672387361526489 0.66926634311676 0.666789293289185 0.66501784324646 0.663425803184509 0.661331355571747 0.658453345298767 0.654989242553711 0.651095509529114 0.646712243556976 0.641783475875854 0.636396825313568 0.630729377269745 0.62495344877243 0.619199931621552
0.540096879005432 0.544984579086304 0.549314320087433 0.554255604743958 0.564521670341492 0.571406722068787 0.575940787792206 0.57857209444046 0.582179605960846 0.590447545051575 0.584173619747162 0.58612871170044 0.588690876960754 0.591788709163666 0.595976173877716 0.598987638950348 0.598268389701843 0.600612640380859 0.609139084815979 0.61596292257309 0.622554361820221 0.62956964969635 0.636910974979401 0.644467949867249 0.65191388130188 0.658471643924713 0.662782192230225 0.664128005504608 0.663366436958313 0.66181892156601 0.6600182056427 0.658259093761444 0.656607091426849 0.654885470867157 0.652839243412018 0.650321245193481 0.647331833839417 0.643909573554993 0.640063941478729 0.635810315608978 0.631211459636688 0.626371383666992 0.621403872966766 0.616410732269287
0.535678744316101 0.539532721042633 0.552822351455688 0.562927544116974 0.571345329284668 0.58051872253418 0.583199679851532 0.582679927349091 0.582222580909729 0.583888232707977 0.584349393844604 0.584258735179901 0.58720600605011 0.590564012527466 0.594085574150085 0.597032010555267 0.599797308444977 0.603780508041382 0.608855664730072 0.614297032356262 0.619883716106415 0.625661909580231 0.631569743156433 0.637437105178833 0.642959654331207 0.647660732269287 0.650999367237091 0.652724862098694 0.653095960617065 0.652604699134827 0.65163666009903 0.650420725345612 0.649039030075073 0.647452533245087 0.645569980144501 0.643321454524994 0.640686213970184 0.63767272233963 0.63429856300354 0.630593597888947 0.626609325408936 0.62241780757904 0.618099749088287 0.613733768463135
0.53764945268631 0.543342351913452 0.553532898426056 0.572596788406372 0.608957529067993 0.607954859733582 0.598814725875854 0.588393151760101 0.586325764656067 0.588742971420288 0.58472204208374 0.582282423973083 0.585006952285767 0.58789074420929 0.592594861984253 0.596376776695251 0.599789977073669 0.603510618209839 0.607689380645752 0.61219596862793 0.616898357868195 0.621716558933258 0.626549422740936 0.631238520145416 0.635557353496552 0.639226257801056 0.64198637008667 0.643720984458923 0.644514739513397 0.644576966762543 0.644121706485748 0.643303036689758 0.642198503017426 0.640820026397705 0.639144420623779 0.637145757675171 0.634813904762268 0.632154822349548 0.629186689853668 0.625939548015594 0.62245637178421 0.618791937828064 0.61500734090805 0.611164391040802
0.541012704372406 0.544824123382568 0.557079255580902 0.577684700489044 0.673774480819702 0.61723005771637 0.623595893383026 0.59283035993576 0.587002158164978 0.586673140525818 0.584353387355804 0.581438839435577 0.582041263580322 0.581222534179688 0.591798365116119 0.59577864408493 0.599078059196472 0.602437138557434 0.606034755706787 0.609861314296722 0.613844394683838 0.617896318435669 0.621911823749542 0.625756919384003 0.629269301891327 0.632275819778442 0.634631514549255 0.636267006397247 0.637207567691803 0.637547373771667 0.637400925159454 0.63686466217041 0.635999917984009 0.634833693504333 0.633370578289032 0.631608307361603 0.629548370838165 0.627200603485107 0.624583601951599 0.621725022792816 0.618661165237427 0.615435838699341 0.612097501754761 0.608695685863495
0.545331597328186 0.549645721912384 0.559131681919098 0.571043431758881 0.583327531814575 0.596313416957855 0.626050055027008 0.596397995948792 0.583642721176147 0.582659244537354 0.581990361213684 0.5577472448349 0.586033880710602 0.589623034000397 0.592638075351715 0.595504581928253 0.598244905471802 0.601101577281952 0.604168117046356 0.607429683208466 0.61082136631012 0.614258110523224 0.617641985416412 0.620862424373627 0.623800158500671 0.626339197158813 0.628387272357941 0.629895210266113 0.630865037441254 0.631338834762573 0.631377398967743 0.631039619445801 0.630369901657104 0.629396080970764 0.628132879734039 0.626589298248291 0.624774694442749 0.622702300548553 0.620391130447388 0.617866396903992 0.615159392356873 0.612306296825409 0.609346568584442 0.606320977210999
0.547018349170685 0.551618695259094 0.557749569416046 0.564927339553833 0.571841835975647 0.579052090644836 0.598593294620514 0.577604711055756 0.576316237449646 0.581003189086914 0.595407366752625 0.628572344779968 0.592613875865936 0.59219217300415 0.593830466270447 0.595554292201996 0.597450971603394 0.599677383899689 0.602212846279144 0.60497522354126 0.607872068881989 0.610810875892639 0.61369925737381 0.616443753242493 0.61895227432251 0.621141016483307 0.622944414615631 0.624324142932892 0.625271916389465 0.625804841518402 0.625954627990723 0.625756680965424 0.625242114067078 0.624434590339661 0.623351275920868 0.622005641460419 0.620411038398743 0.618582606315613 0.616539239883423 0.61430412530899 0.611904382705688 0.609370648860931 0.60673588514328 0.604034125804901
0.546905636787415 0.550746738910675 0.555216312408447 0.56000417470932 0.564187943935394 0.565601587295532 0.576195597648621 0.563254117965698 0.561946928501129 0.577389895915985 0.581045210361481 0.590618133544922 0.592657685279846 0.594902992248535 0.596259593963623 0.596053540706635 0.596676826477051 0.598172664642334 0.600195527076721 0.602521479129791 0.605006158351898 0.607541918754578 0.610037863254547 0.61241203546524 0.614589691162109 0.616505980491638 0.618110597133636 0.61937153339386 0.620276272296906 0.620829284191132 0.621046304702759 0.620948314666748 0.620556533336639 0.619889974594116 0.618964850902557 0.617795646190643 0.616396903991699 0.614784419536591 0.612976491451263 0.610994100570679 0.608861148357391 0.606604039669037 0.60425066947937 0.601829886436462
0.545759737491608 0.548776268959045 0.552045583724976 0.555319309234619 0.558371067047119 0.561036765575409 0.560381829738617 0.569924890995026 0.590539276599884 0.586040735244751 0.588090896606445 0.588016450405121 0.590332508087158 0.6040158867836 0.605869174003601 0.596767485141754 0.595647692680359 0.59648209810257 0.598085701465607 0.600060701370239 0.60221517086029 0.604429602622986 0.606615006923676 0.608697950839996 0.610615730285645 0.612315714359283 0.613757073879242 0.614912331104279 0.615767598152161 0.616320788860321 0.616578757762909 0.616553664207458 0.616259932518005 0.615712225437164 0.614924609661102 0.613911032676697 0.612685739994049 0.611264169216156 0.609663426876068 0.607902586460114 0.606002867221832 0.603987097740173 0.601879239082336 0.599703967571259
0.543704986572266 0.545781672000885 0.548077404499054 0.549373865127563 0.550483644008636 0.549959897994995 0.537711501121521 0.550317883491516 0.604500114917755 0.688125669956207 0.619833707809448 0.595750331878662 0.592941105365753 0.601622045040131 0.602868616580963 0.595129668712616 0.593860328197479 0.594473123550415 0.59584367275238 0.597577929496765 0.599485695362091 0.601451754570007 0.603394031524658 0.605247795581818 0.606959700584412 0.608486175537109 0.609793186187744 0.610856890678406 0.611663281917572 0.612207174301147 0.612490475177765 0.612520039081573 0.612305462360382 0.611857950687408 0.611189484596252 0.610312521457672 0.609240353107452 0.607987344264984 0.606569290161133 0.605003416538239 0.603308439254761 0.601504385471344 0.59961199760437 0.597652494907379
0.540339231491089 0.53828889131546 0.543712079524994 0.532513499259949 0.545829653739929 0.538503766059875 0.533876597881317 0.558326482772827 0.604349434375763 0.605832457542419 0.611757218837738 0.59498006105423 0.590792238712311 0.591500878334045 0.592023372650146 0.591311156749725 0.591316640377045 0.592143177986145 0.593468904495239 0.595070719718933 0.596809267997742 0.598590791225433 0.600346028804779 0.602020382881165 0.603569149971008 0.604956090450287 0.606152713298798 0.607138395309448 0.607899904251099 0.608430862426758 0.608730435371399 0.608802139759064 0.608652472496033 0.608290076255798 0.607724666595459 0.606967389583588 0.606030106544495 0.60492593050003 0.603669166564941 0.602275311946869 0.600760877132416 0.599143385887146 0.597441077232361 0.595672249794006
0.521074831485748 0.534133851528168 0.543187737464905 0.545506238937378 0.536778748035431 0.548027694225311 0.549194633960724 0.550638914108276 0.595069229602814 0.608077228069305 0.59390527009964 0.588194012641907 0.586319923400879 0.586422264575958 0.587067008018494 0.587696492671967 0.58850771188736 0.589628458023071 0.591008603572845 0.592555582523346 0.594186782836914 0.59583592414856 0.597449839115143 0.598984777927399 0.600404620170593 0.601679503917694 0.60278582572937 0.603706061840057 0.604428172111511 0.604945540428162 0.605256140232086 0.605361461639404 0.605265915393829 0.604976177215576 0.604500353336334 0.603847920894623 0.603029549121857 0.602056860923767 0.600942730903625 0.599700927734375 0.598346173763275 0.596893846988678 0.595359861850739 0.593760251998901
0.5400270819664 0.543265640735626 0.543097198009491 0.551241636276245 0.545055329799652 0.54162186384201 0.55229514837265 0.564136981964111 0.572020590305328 0.575575113296509 0.580738663673401 0.58104944229126 0.581419765949249 0.582252621650696 0.58333158493042 0.58448714017868 0.585720121860504 0.587067663669586 0.588525831699371 0.590059876441956 0.591626226902008 0.593182504177094 0.594690799713135 0.596118211746216 0.597436368465424 0.598621428012848 0.599654316902161 0.600520133972168 0.601208686828613 0.601713597774506 0.60203230381012 0.602165281772614 0.60211569070816 0.601888597011566 0.601490795612335 0.600930452346802 0.600216925144196 0.599360525608063 0.5983726978302 0.597265779972076 0.596052646636963 0.594746947288513 0.593362629413605 0.591913819313049
0.541702389717102 0.547637283802032 0.573375165462494 0.58088344335556 0.535384297370911 0.518562436103821 0.531313538551331 0.552737176418304 0.561330020427704 0.568013310432434 0.572386145591736 0.575001120567322 0.576849460601807 0.578471064567566 0.580021560192108 0.58153361082077 0.583032429218292 0.584542810916901 0.586072564125061 0.587611496448517 0.589138925075531 0.590629935264587 0.59205949306488 0.593403875827789 0.594641923904419 0.595755159854889 0.596728384494781 0.597549498081207 0.598209977149963 0.598704159259796 0.59902948141098 0.59918600320816 0.599175870418549 0.599003255367279 0.598673820495605 0.598194539546967 0.597573637962341 0.596820294857025 0.595944583415985 0.594957411289215 0.593870282173157 0.59269517660141 0.591444432735443 0.59013044834137
0.540488421916962 0.545974791049957 0.553307712078094 0.547672212123871 0.538258135318756 0.516219437122345 0.523153007030487 0.539942800998688 0.552560329437256 0.561278581619263 0.566590487957001 0.570194125175476 0.572871148586273 0.575064241886139 0.576997935771942 0.578779757022858 0.580467879772186 0.582097113132477 0.583684504032135 0.585233151912689 0.586735844612122 0.58817982673645 0.589549720287323 0.59082955121994 0.592004120349884 0.593059718608856 0.593984484672546 0.59476912021637 0.595406413078308 0.595891892910004 0.596223175525665 0.596400082111359 0.596424400806427 0.596299409866333 0.596030116081238 0.595622420310974 0.595083594322205 0.594421684741974 0.593645691871643 0.592765212059021 0.591790437698364 0.590731978416443 0.589600741863251 0.588407754898071
0.537483632564545 0.5420863032341 0.599652528762817 0.55910462141037 0.550557553768158 0.529276311397552 0.531777441501617 0.529925048351288 0.547588288784027 0.55680251121521 0.562404096126556 0.566411852836609 0.569506466388702 0.572047889232635 0.574245035648346 0.576219022274017 0.57804149389267 0.579755365848541 0.581385016441345 0.582941353321075 0.584425926208496 0.58583402633667 0.587157368659973 0.588386058807373 0.589509725570679 0.590518593788147 0.591403961181641 0.592158615589142 0.592777073383331 0.593255639076233 0.593592524528503 0.593787491321564 0.593842148780823 0.59375923871994 0.593542993068695 0.593198776245117 0.592732787132263 0.592152297496796 0.59146511554718 0.590679883956909 0.589805543422699 0.588851571083069 0.587827622890472 0.586743354797363
0.534556090831757 0.533824861049652 0.536902785301208 0.556955873966217 0.518455445766449 0.52341890335083 0.513195097446442 0.535801649093628 0.547029674053192 0.55415552854538 0.559399485588074 0.563440680503845 0.566690504550934 0.569407403469086 0.571759164333344 0.573854625225067 0.575764238834381 0.577533066272736 0.579189002513885 0.580747604370117 0.582215666770935 0.583593904972076 0.584879159927368 0.58606606721878 0.587148070335388 0.588118612766266 0.588971495628357 0.589701473712921 0.590304493904114 0.590777814388275 0.591120004653931 0.591331243515015 0.591412723064423 0.591367125511169 0.591198027133942 0.590910136699677 0.590509057044983 0.590001106262207 0.589393317699432 0.588693261146545 0.587908923625946 0.587048768997192 0.586121261119843 0.585135161876678
0.574324429035187 0.517489492893219 0.505920052528381 0.511846661567688 0.521969079971313 0.5239297747612 0.529143512248993 0.538495898246765 0.546429753303528 0.55242133140564 0.55719006061554 0.561083793640137 0.564332902431488 0.567106366157532 0.569527745246887 0.571685433387756 0.573641538619995 0.575438737869263 0.577105283737183 0.578658759593964 0.580108940601349 0.581459999084473 0.582712292671204 0.58386367559433 0.584910571575165 0.585848867893219 0.586674511432648 0.58738386631012 0.58797413110733 0.588443398475647 0.588790774345398 0.589016616344452 0.589122116565704 0.589109599590302 0.58898252248764 0.588744878768921 0.588401675224304 0.587958574295044 0.587421774864197 0.586798071861267 0.586094617843628 0.585318863391876 0.584478378295898 0.58358097076416
0.501924097537994 0.504301190376282 0.495645344257355 0.484482258558273 0.516030728816986 0.526764810085297 0.533650636672974 0.540124297142029 0.546048879623413 0.551150619983673 0.555483400821686 0.559173703193665 0.562343537807465 0.565099716186523 0.567530155181885 0.569703996181488 0.571673214435577 0.57347571849823 0.57513815164566 0.576678395271301 0.578107535839081 0.579431772232056 0.580653727054596 0.581773459911346 0.582789659500122 0.583700120449066 0.584502339363098 0.585194170475006 0.585773706436157 0.586239755153656 0.586592018604279 0.586830973625183 0.586957931518555 0.586975038051605 0.586885333061218 0.586692571640015 0.586401164531708 0.586016118526459 0.585543036460876 0.584987998008728 0.584357261657715 0.583657622337341 0.582895755767822 0.582078695297241
0.467628210783005 0.504136383533478 0.501407742500305 0.499239593744278 0.512430489063263 0.525815844535828 0.534258186817169 0.540336310863495 0.545527398586273 0.550088942050934 0.554089784622192 0.557586073875427 0.560646653175354 0.563343703746796 0.56574285030365 0.567898690700531 0.569854438304901 0.571642875671387 0.573288083076477 0.574807047843933 0.576211154460907 0.577507555484772 0.578700125217438 0.579790532588959 0.580778896808624 0.581664502620697 0.582446038722992 0.583122432231903 0.58369255065918 0.584155976772308 0.584512710571289 0.584763467311859 0.584909558296204 0.584953129291534 0.584896862506866 0.584744215011597 0.584499180316925 0.58416622877121 0.583750426769257 0.583257138729095 0.58269202709198 0.582061111927032 0.58137047290802 0.580626368522644
